freq(as.ordered(penguins$bill_length_mm))
as.ordered(penguins$bill_length_mm) 
      Frequency  Percent Valid Percent Cum Percent
32.1          1   0.2907        0.2924      0.2924
33.1          1   0.2907        0.2924      0.5848
33.5          1   0.2907        0.2924      0.8772
34            1   0.2907        0.2924      1.1696
34.1          1   0.2907        0.2924      1.4620
34.4          1   0.2907        0.2924      1.7544
34.5          1   0.2907        0.2924      2.0468
34.6          2   0.5814        0.5848      2.6316
35            2   0.5814        0.5848      3.2164
35.1          1   0.2907        0.2924      3.5088
35.2          1   0.2907        0.2924      3.8012
35.3          1   0.2907        0.2924      4.0936
35.5          2   0.5814        0.5848      4.6784
35.6          1   0.2907        0.2924      4.9708
35.7          3   0.8721        0.8772      5.8480
35.9          2   0.5814        0.5848      6.4327
36            4   1.1628        1.1696      7.6023
36.2          3   0.8721        0.8772      8.4795
36.3          1   0.2907        0.2924      8.7719
36.4          2   0.5814        0.5848      9.3567
36.5          2   0.5814        0.5848      9.9415
36.6          2   0.5814        0.5848     10.5263
36.7          2   0.5814        0.5848     11.1111
36.8          1   0.2907        0.2924     11.4035
36.9          1   0.2907        0.2924     11.6959
37            2   0.5814        0.5848     12.2807
37.2          2   0.5814        0.5848     12.8655
37.3          3   0.8721        0.8772     13.7427
37.5          2   0.5814        0.5848     14.3275
37.6          3   0.8721        0.8772     15.2047
37.7          3   0.8721        0.8772     16.0819
37.8          5   1.4535        1.4620     17.5439
37.9          2   0.5814        0.5848     18.1287
38.1          4   1.1628        1.1696     19.2982
38.2          2   0.5814        0.5848     19.8830
38.3          1   0.2907        0.2924     20.1754
38.5          1   0.2907        0.2924     20.4678
38.6          3   0.8721        0.8772     21.3450
38.7          1   0.2907        0.2924     21.6374
38.8          3   0.8721        0.8772     22.5146
38.9          2   0.5814        0.5848     23.0994
39            3   0.8721        0.8772     23.9766
39.1          1   0.2907        0.2924     24.2690
39.2          3   0.8721        0.8772     25.1462
39.3          1   0.2907        0.2924     25.4386
39.5          3   0.8721        0.8772     26.3158
39.6          5   1.4535        1.4620     27.7778
39.7          4   1.1628        1.1696     28.9474
39.8          1   0.2907        0.2924     29.2398
40.1          1   0.2907        0.2924     29.5322
40.2          3   0.8721        0.8772     30.4094
40.3          2   0.5814        0.5848     30.9942
40.5          2   0.5814        0.5848     31.5789
40.6          4   1.1628        1.1696     32.7485
40.7          1   0.2907        0.2924     33.0409
40.8          2   0.5814        0.5848     33.6257
40.9          4   1.1628        1.1696     34.7953
41            1   0.2907        0.2924     35.0877
41.1          7   2.0349        2.0468     37.1345
41.3          2   0.5814        0.5848     37.7193
41.4          2   0.5814        0.5848     38.3041
41.5          2   0.5814        0.5848     38.8889
41.6          1   0.2907        0.2924     39.1813
41.7          1   0.2907        0.2924     39.4737
41.8          1   0.2907        0.2924     39.7661
42            3   0.8721        0.8772     40.6433
42.1          1   0.2907        0.2924     40.9357
42.2          2   0.5814        0.5848     41.5205
42.3          1   0.2907        0.2924     41.8129
42.4          1   0.2907        0.2924     42.1053
42.5          3   0.8721        0.8772     42.9825
42.6          1   0.2907        0.2924     43.2749
42.7          2   0.5814        0.5848     43.8596
42.8          2   0.5814        0.5848     44.4444
42.9          2   0.5814        0.5848     45.0292
43.1          1   0.2907        0.2924     45.3216
43.2          4   1.1628        1.1696     46.4912
43.3          2   0.5814        0.5848     47.0760
43.4          1   0.2907        0.2924     47.3684
43.5          3   0.8721        0.8772     48.2456
43.6          1   0.2907        0.2924     48.5380
43.8          1   0.2907        0.2924     48.8304
44            1   0.2907        0.2924     49.1228
44.1          2   0.5814        0.5848     49.7076
44.4          1   0.2907        0.2924     50.0000
44.5          3   0.8721        0.8772     50.8772
44.9          2   0.5814        0.5848     51.4620
45            1   0.2907        0.2924     51.7544
45.1          3   0.8721        0.8772     52.6316
45.2          6   1.7442        1.7544     54.3860
45.3          2   0.5814        0.5848     54.9708
45.4          2   0.5814        0.5848     55.5556
45.5          5   1.4535        1.4620     57.0175
45.6          2   0.5814        0.5848     57.6023
45.7          3   0.8721        0.8772     58.4795
45.8          3   0.8721        0.8772     59.3567
45.9          1   0.2907        0.2924     59.6491
46            2   0.5814        0.5848     60.2339
46.1          3   0.8721        0.8772     61.1111
46.2          5   1.4535        1.4620     62.5731
46.3          1   0.2907        0.2924     62.8655
46.4          4   1.1628        1.1696     64.0351
46.5          5   1.4535        1.4620     65.4971
46.6          2   0.5814        0.5848     66.0819
46.7          2   0.5814        0.5848     66.6667
46.8          4   1.1628        1.1696     67.8363
46.9          2   0.5814        0.5848     68.4211
47            1   0.2907        0.2924     68.7135
47.2          2   0.5814        0.5848     69.2982
47.3          2   0.5814        0.5848     69.8830
47.4          1   0.2907        0.2924     70.1754
47.5          4   1.1628        1.1696     71.3450
47.6          2   0.5814        0.5848     71.9298
47.7          1   0.2907        0.2924     72.2222
47.8          1   0.2907        0.2924     72.5146
48.1          2   0.5814        0.5848     73.0994
48.2          2   0.5814        0.5848     73.6842
48.4          3   0.8721        0.8772     74.5614
48.5          3   0.8721        0.8772     75.4386
48.6          1   0.2907        0.2924     75.7310
48.7          3   0.8721        0.8772     76.6082
48.8          1   0.2907        0.2924     76.9006
49            3   0.8721        0.8772     77.7778
49.1          3   0.8721        0.8772     78.6550
49.2          2   0.5814        0.5848     79.2398
49.3          2   0.5814        0.5848     79.8246
49.4          1   0.2907        0.2924     80.1170
49.5          3   0.8721        0.8772     80.9942
49.6          3   0.8721        0.8772     81.8713
49.7          1   0.2907        0.2924     82.1637
49.8          3   0.8721        0.8772     83.0409
49.9          1   0.2907        0.2924     83.3333
50            5   1.4535        1.4620     84.7953
50.1          2   0.5814        0.5848     85.3801
50.2          3   0.8721        0.8772     86.2573
50.3          1   0.2907        0.2924     86.5497
50.4          2   0.5814        0.5848     87.1345
50.5          5   1.4535        1.4620     88.5965
50.6          1   0.2907        0.2924     88.8889
50.7          2   0.5814        0.5848     89.4737
50.8          4   1.1628        1.1696     90.6433
50.9          2   0.5814        0.5848     91.2281
51            1   0.2907        0.2924     91.5205
51.1          2   0.5814        0.5848     92.1053
51.3          4   1.1628        1.1696     93.2749
51.4          1   0.2907        0.2924     93.5673
51.5          2   0.5814        0.5848     94.1520
51.7          1   0.2907        0.2924     94.4444
51.9          1   0.2907        0.2924     94.7368
52            3   0.8721        0.8772     95.6140
52.1          1   0.2907        0.2924     95.9064
52.2          2   0.5814        0.5848     96.4912
52.5          1   0.2907        0.2924     96.7836
52.7          1   0.2907        0.2924     97.0760
52.8          1   0.2907        0.2924     97.3684
53.4          1   0.2907        0.2924     97.6608
53.5          1   0.2907        0.2924     97.9532
54.2          1   0.2907        0.2924     98.2456
54.3          1   0.2907        0.2924     98.5380
55.1          1   0.2907        0.2924     98.8304
55.8          1   0.2907        0.2924     99.1228
55.9          1   0.2907        0.2924     99.4152
58            1   0.2907        0.2924     99.7076
59.6          1   0.2907        0.2924    100.0000
NA's          2   0.5814                          
Total       344 100.0000      100.0000            
> summary(penguins$bill_length_mm)
   Min. 1st Qu.  Median    Mean 3rd Qu.    Max.    NA's 
  32.10   39.23   44.45   43.92   48.50   59.60       2 
> sd(penguins$bill_length_mm, na.rm = TRUE)
[1] 5.459584
> freq(penguins$sex)
penguins$sex 
       Frequency Percent Valid Percent
female       165  47.965         49.55
male         168  48.837         50.45
NA's          11   3.198              
Total        344 100.000        100.00
> freq(penguins$flipper_length_mm)
penguins$flipper_length_mm 
      Frequency  Percent Valid Percent
172           1   0.2907        0.2924
174           1   0.2907        0.2924
176           1   0.2907        0.2924
178           4   1.1628        1.1696
179           1   0.2907        0.2924
180           5   1.4535        1.4620
181           7   2.0349        2.0468
182           3   0.8721        0.8772
183           2   0.5814        0.5848
184           7   2.0349        2.0468
185           9   2.6163        2.6316
186           7   2.0349        2.0468
187          16   4.6512        4.6784
188           6   1.7442        1.7544
189           7   2.0349        2.0468
190          22   6.3953        6.4327
191          13   3.7791        3.8012
192           7   2.0349        2.0468
193          15   4.3605        4.3860
194           5   1.4535        1.4620
195          17   4.9419        4.9708
196          10   2.9070        2.9240
197          10   2.9070        2.9240
198           8   2.3256        2.3392
199           6   1.7442        1.7544
200           4   1.1628        1.1696
201           6   1.7442        1.7544
202           4   1.1628        1.1696
203           5   1.4535        1.4620
205           3   0.8721        0.8772
206           1   0.2907        0.2924
207           2   0.5814        0.5848
208           8   2.3256        2.3392
209           5   1.4535        1.4620
210          14   4.0698        4.0936
211           2   0.5814        0.5848
212           7   2.0349        2.0468
213           6   1.7442        1.7544
214           6   1.7442        1.7544
215          12   3.4884        3.5088
216           8   2.3256        2.3392
217           6   1.7442        1.7544
218           5   1.4535        1.4620
219           5   1.4535        1.4620
220           8   2.3256        2.3392
221           5   1.4535        1.4620
222           6   1.7442        1.7544
223           2   0.5814        0.5848
224           3   0.8721        0.8772
225           4   1.1628        1.1696
226           1   0.2907        0.2924
228           4   1.1628        1.1696
229           2   0.5814        0.5848
230           7   2.0349        2.0468
231           1   0.2907        0.2924
NA's          2   0.5814              
Total       344 100.0000      100.0000